36,81
35,27
35,22
27,9
27,8
27,7
34,353
34,352
34,351
34,350
34,349
34,348
34,347
34,346
34,345
34,344
34,343
34,342
34,341
34,340
34,339
34,338
34,337
34,336
34,335
34,334
34,333
34,332
34,331
34,330
34,329
34,328
34,327
34,326
34,325
34,324
34,323
34,322
34,321
34,319
34,318
34,317
34,316
34,315
34,314
34,313
34,312
59,38
59,37
27,6
0,304
0,466
0,465
34,311
60,5
60,4
60,3
60,2
60,1
60,0
0,461
35,26
34,310
34,309
34,308
0,449
34,307
0,575
36,80
0,574
34,306
34,320
0,312
0,571
36,79
0,566
0,565
0,563
0,562
0,561
0,560
34,305
34,304
34,303
34,302
34,301
34,300
34,299
34,298
34,297
34,296
34,295
34,294
34,293
34,292
34,291
34,290
34,289
34,288
34,287
34,286
34,285
34,284
34,283
34,282
34,281
34,280
34,279
34,278
34,277
34,276
34,275
34,274
34,273
34,272
34,271
0,559
34,270
34,269
34,268
34,267
34,266
34,265
34,264
34,263
34,262
34,261
34,260
34,259
34,258
34,257
34,256
34,255
34,254
34,253
34,252
34,251
34,250
34,249
34,248
34,247
34,246
0,557
0,555
0,554
0,553
0,552
0,551
0,550
0,549
0,548
35,25
35,24
35,4
0,547
0,460
0,545
0,543
0,542
34,245
34,244
34,243
34,242
34,241
34,240
34,239
34,238
34,237
34,236
34,235
34,234
34,233
34,232
34,231
34,230
34,229
34,228
34,227
34,226
34,225
34,224
34,223
34,222
34,221
34,220
34,219
34,218
34,217
34,216
34,215
34,214
34,213
34,212
34,211
34,210
34,209
34,208
34,207
34,206
34,205
34,204
34,203
34,202
34,201
34,200
34,199
0,539
0,535
0,534
34,198
34,197
0,533
0,447
0,446
34,196
35,23
34,145
34,144
0,445
36,78
36,77
36,76
0,444
0,443
0,441
0,440
59,36
0,439
59,35
34,4
34,103
10,7
10,305
10,237
